                                         
512  387
         1    0.0000000000 1000.0000000000   20.0000000000
         2    0.0000000000  500.0000000000   20.0000000000
         3    0.0000000000    0.0000000000   20.0000000000
         4  500.0000000000 1000.0000000000   20.0000000000
         5  500.0000000000  500.0000000000   20.0000000000
         6  500.0000000000    0.0000000000   20.0000000000
         7 1000.0000000000 1000.0000000000   20.0000000000
         8 1000.0000000000  500.0000000000   20.0000000000
         9 1000.0000000000    0.0000000000   20.0000000000
        10 1500.0000000000 1000.0000000000   20.0000000000
        11 1500.0000000000  500.0000000000   20.0000000000
        12 1500.0000000000    0.0000000000   20.0000000000
        13 2000.0000000000 1000.0000000000   20.0000000000
        14 2000.0000000000  500.0000000000   20.0000000000
        15 2000.0000000000    0.0000000000   20.0000000000
        16 2500.0000000000 1000.0000000000   20.0000000000
        17 2500.0000000000  500.0000000000   20.0000000000
        18 2500.0000000000    0.0000000000   20.0000000000
        19 3000.0000000000 1000.0000000000   20.0000000000
        20 3000.0000000000  500.0000000000   20.0000000000
        21 3000.0000000000    0.0000000000   20.0000000000
        22 3500.0000000000 1000.0000000000   20.0000000000
        23 3500.0000000000  500.0000000000   20.0000000000
        24 3500.0000000000    0.0000000000   20.0000000000
        25 4000.0000000000 1000.0000000000   20.0000000000
        26 4000.0000000000  500.0000000000   20.0000000000
        27 4000.0000000000    0.0000000000   20.0000000000
        28 4500.0000000000 1000.0000000000   20.0000000000
        29 4500.0000000000  500.0000000000   20.0000000000
        30 4500.0000000000    0.0000000000   20.0000000000
        31 5000.0000000000 1000.0000000000   20.0000000000
        32 5000.0000000000  500.0000000000   20.0000000000
        33 5000.0000000000    0.0000000000   20.0000000000
        34 5500.0000000000 1000.0000000000   20.0000000000
        35 5500.0000000000  500.0000000000   20.0000000000
        36 5500.0000000000    0.0000000000   20.0000000000
        37 6000.0000000000 1000.0000000000   20.0000000000
        38 6000.0000000000  500.0000000000   20.0000000000
        39 6000.0000000000    0.0000000000   20.0000000000
        40 6500.0000000000 1000.0000000000   20.0000000000
        41 6500.0000000000  500.0000000000   20.0000000000
        42 6500.0000000000    0.0000000000   20.0000000000
        43 7000.0000000000 1000.0000000000   20.0000000000
        44 7000.0000000000  500.0000000000   20.0000000000
        45 7000.0000000000    0.0000000000   20.0000000000
        46 7500.0000000000 1000.0000000000   20.0000000000
        47 7500.0000000000  500.0000000000   20.0000000000
        48 7500.0000000000    0.0000000000   20.0000000000
        49 8000.0000000000 1000.0000000000   20.0000000000
        50 8000.0000000000  500.0000000000   20.0000000000
        51 8000.0000000000    0.0000000000   20.0000000000
        52 8500.0000000000 1000.0000000000   20.0000000000
        53 8500.0000000000  500.0000000000   20.0000000000
        54 8500.0000000000    0.0000000000   20.0000000000
        55 9000.0000000000 1000.0000000000   20.0000000000
        56 9000.0000000000  500.0000000000   20.0000000000
        57 9000.0000000000    0.0000000000   20.0000000000
        58 9500.0000000000 1000.0000000000   20.0000000000
        59 9500.0000000000  500.0000000000   20.0000000000
        60 9500.0000000000    0.0000000000   20.0000000000
        61 10000.0000000000 1000.0000000000   20.0000000000
        62 10000.0000000000  500.0000000000   20.0000000000
        63 10000.0000000000    0.0000000000   20.0000000000
        64 10500.0000000000 1000.0000000000   20.0000000000
        65 10500.0000000000  500.0000000000   20.0000000000
        66 10500.0000000000    0.0000000000   20.0000000000
        67 11000.0000000000 1000.0000000000   20.0000000000
        68 11000.0000000000  500.0000000000   20.0000000000
        69 11000.0000000000    0.0000000000   20.0000000000
        70 11500.0000000000 1000.0000000000   20.0000000000
        71 11500.0000000000  500.0000000000   20.0000000000
        72 11500.0000000000    0.0000000000   20.0000000000
        73 12000.0000000000 1000.0000000000   20.0000000000
        74 12000.0000000000  500.0000000000   20.0000000000
        75 12000.0000000000    0.0000000000   20.0000000000
        76 12500.0000000000 1000.0000000000   20.0000000000
        77 12500.0000000000  500.0000000000   20.0000000000
        78 12500.0000000000    0.0000000000   20.0000000000
        79 13000.0000000000 1000.0000000000   20.0000000000
        80 13000.0000000000  500.0000000000   20.0000000000
        81 13000.0000000000    0.0000000000   20.0000000000
        82 13500.0000000000 1000.0000000000   20.0000000000
        83 13500.0000000000  500.0000000000   20.0000000000
        84 13500.0000000000    0.0000000000   20.0000000000
        85 14000.0000000000 1000.0000000000   20.0000000000
        86 14000.0000000000  500.0000000000   20.0000000000
        87 14000.0000000000    0.0000000000   20.0000000000
        88 14500.0000000000 1000.0000000000   20.0000000000
        89 14500.0000000000  500.0000000000   20.0000000000
        90 14500.0000000000    0.0000000000   20.0000000000
        91 15000.0000000000 1000.0000000000   20.0000000000
        92 15000.0000000000  500.0000000000   20.0000000000
        93 15000.0000000000    0.0000000000   20.0000000000
        94 15500.0000000000 1000.0000000000   20.0000000000
        95 15500.0000000000  500.0000000000   20.0000000000
        96 15500.0000000000    0.0000000000   20.0000000000
        97 16000.0000000000 1000.0000000000   20.0000000000
        98 16000.0000000000  500.0000000000   20.0000000000
        99 16000.0000000000    0.0000000000   20.0000000000
       100 16500.0000000000 1000.0000000000   20.0000000000
       101 16500.0000000000  500.0000000000   20.0000000000
       102 16500.0000000000    0.0000000000   20.0000000000
       103 17000.0000000000 1000.0000000000   20.0000000000
       104 17000.0000000000  500.0000000000   20.0000000000
       105 17000.0000000000    0.0000000000   20.0000000000
       106 17500.0000000000 1000.0000000000   20.0000000000
       107 17500.0000000000  500.0000000000   20.0000000000
       108 17500.0000000000    0.0000000000   20.0000000000
       109 18000.0000000000 1000.0000000000   20.0000000000
       110 18000.0000000000  500.0000000000   20.0000000000
       111 18000.0000000000    0.0000000000   20.0000000000
       112 18500.0000000000 1000.0000000000   20.0000000000
       113 18500.0000000000  500.0000000000   20.0000000000
       114 18500.0000000000    0.0000000000   20.0000000000
       115 19000.0000000000 1000.0000000000   20.0000000000
       116 19000.0000000000  500.0000000000   20.0000000000
       117 19000.0000000000    0.0000000000   20.0000000000
       118 19500.0000000000 1000.0000000000   20.0000000000
       119 19500.0000000000  500.0000000000   20.0000000000
       120 19500.0000000000    0.0000000000   20.0000000000
       121 20000.0000000000 1000.0000000000   20.0000000000
       122 20000.0000000000  500.0000000000   20.0000000000
       123 20000.0000000000    0.0000000000   20.0000000000
       124 20500.0000000000 1000.0000000000   20.0000000000
       125 20500.0000000000  500.0000000000   20.0000000000
       126 20500.0000000000    0.0000000000   20.0000000000
       127 21000.0000000000 1000.0000000000   20.0000000000
       128 21000.0000000000  500.0000000000   20.0000000000
       129 21000.0000000000    0.0000000000   20.0000000000
       130 21500.0000000000 1000.0000000000   20.0000000000
       131 21500.0000000000  500.0000000000   20.0000000000
       132 21500.0000000000    0.0000000000   20.0000000000
       133 22000.0000000000 1000.0000000000   20.0000000000
       134 22000.0000000000  500.0000000000   20.0000000000
       135 22000.0000000000    0.0000000000   20.0000000000
       136 22500.0000000000 1000.0000000000   20.0000000000
       137 22500.0000000000  500.0000000000   20.0000000000
       138 22500.0000000000    0.0000000000   20.0000000000
       139 23000.0000000000 1000.0000000000   20.0000000000
       140 23000.0000000000  500.0000000000   20.0000000000
       141 23000.0000000000    0.0000000000   20.0000000000
       142 23500.0000000000 1000.0000000000   20.0000000000
       143 23500.0000000000  500.0000000000   20.0000000000
       144 23500.0000000000    0.0000000000   20.0000000000
       145 24000.0000000000 1000.0000000000   20.0000000000
       146 24000.0000000000  500.0000000000   20.0000000000
       147 24000.0000000000    0.0000000000   20.0000000000
       148 24500.0000000000 1000.0000000000   20.0000000000
       149 24500.0000000000  500.0000000000   20.0000000000
       150 24500.0000000000    0.0000000000   20.0000000000
       151 25000.0000000000 1000.0000000000   20.0000000000
       152 25000.0000000000  500.0000000000   20.0000000000
       153 25000.0000000000    0.0000000000   20.0000000000
       154 25500.0000000000 1000.0000000000   20.0000000000
       155 25500.0000000000  500.0000000000   20.0000000000
       156 25500.0000000000    0.0000000000   20.0000000000
       157 26000.0000000000 1000.0000000000   20.0000000000
       158 26000.0000000000  500.0000000000   20.0000000000
       159 26000.0000000000    0.0000000000   20.0000000000
       160 26500.0000000000 1000.0000000000   20.0000000000
       161 26500.0000000000  500.0000000000   20.0000000000
       162 26500.0000000000    0.0000000000   20.0000000000
       163 27000.0000000000 1000.0000000000   20.0000000000
       164 27000.0000000000  500.0000000000   20.0000000000
       165 27000.0000000000    0.0000000000   20.0000000000
       166 27500.0000000000 1000.0000000000   20.0000000000
       167 27500.0000000000  500.0000000000   20.0000000000
       168 27500.0000000000    0.0000000000   20.0000000000
       169 28000.0000000000 1000.0000000000   20.0000000000
       170 28000.0000000000  500.0000000000   20.0000000000
       171 28000.0000000000    0.0000000000   20.0000000000
       172 28500.0000000000 1000.0000000000   20.0000000000
       173 28500.0000000000  500.0000000000   20.0000000000
       174 28500.0000000000    0.0000000000   20.0000000000
       175 29000.0000000000 1000.0000000000   20.0000000000
       176 29000.0000000000  500.0000000000   20.0000000000
       177 29000.0000000000    0.0000000000   20.0000000000
       178 29500.0000000000 1000.0000000000   20.0000000000
       179 29500.0000000000  500.0000000000   20.0000000000
       180 29500.0000000000    0.0000000000   20.0000000000
       181 30000.0000000000 1000.0000000000   20.0000000000
       182 30000.0000000000  500.0000000000   20.0000000000
       183 30000.0000000000    0.0000000000   20.0000000000
       184 30500.0000000000 1000.0000000000   20.0000000000
       185 30500.0000000000  500.0000000000   20.0000000000
       186 30500.0000000000    0.0000000000   20.0000000000
       187 31000.0000000000 1000.0000000000   20.0000000000
       188 31000.0000000000  500.0000000000   20.0000000000
       189 31000.0000000000    0.0000000000   20.0000000000
       190 31500.0000000000 1000.0000000000   20.0000000000
       191 31500.0000000000  500.0000000000   20.0000000000
       192 31500.0000000000    0.0000000000   20.0000000000
       193 32000.0000000000 1000.0000000000   20.0000000000
       194 32000.0000000000  500.0000000000   20.0000000000
       195 32000.0000000000    0.0000000000   20.0000000000
       196 32500.0000000000 1000.0000000000   20.0000000000
       197 32500.0000000000  500.0000000000   20.0000000000
       198 32500.0000000000    0.0000000000   20.0000000000
       199 33000.0000000000 1000.0000000000   20.0000000000
       200 33000.0000000000  500.0000000000   20.0000000000
       201 33000.0000000000    0.0000000000   20.0000000000
       202 33500.0000000000 1000.0000000000   20.0000000000
       203 33500.0000000000  500.0000000000   20.0000000000
       204 33500.0000000000    0.0000000000   20.0000000000
       205 34000.0000000000 1000.0000000000   20.0000000000
       206 34000.0000000000  500.0000000000   20.0000000000
       207 34000.0000000000    0.0000000000   20.0000000000
       208 34500.0000000000 1000.0000000000   20.0000000000
       209 34500.0000000000  500.0000000000   20.0000000000
       210 34500.0000000000    0.0000000000   20.0000000000
       211 35000.0000000000 1000.0000000000   20.0000000000
       212 35000.0000000000  500.0000000000   20.0000000000
       213 35000.0000000000    0.0000000000   20.0000000000
       214 35500.0000000000 1000.0000000000   20.0000000000
       215 35500.0000000000  500.0000000000   20.0000000000
       216 35500.0000000000    0.0000000000   20.0000000000
       217 36000.0000000000 1000.0000000000   20.0000000000
       218 36000.0000000000  500.0000000000   20.0000000000
       219 36000.0000000000    0.0000000000   20.0000000000
       220 36500.0000000000 1000.0000000000   20.0000000000
       221 36500.0000000000  500.0000000000   20.0000000000
       222 36500.0000000000    0.0000000000   20.0000000000
       223 37000.0000000000 1000.0000000000   20.0000000000
       224 37000.0000000000  500.0000000000   20.0000000000
       225 37000.0000000000    0.0000000000   20.0000000000
       226 37500.0000000000 1000.0000000000   20.0000000000
       227 37500.0000000000  500.0000000000   20.0000000000
       228 37500.0000000000    0.0000000000   20.0000000000
       229 38000.0000000000 1000.0000000000   20.0000000000
       230 38000.0000000000  500.0000000000   20.0000000000
       231 38000.0000000000    0.0000000000   20.0000000000
       232 38500.0000000000 1000.0000000000   20.0000000000
       233 38500.0000000000  500.0000000000   20.0000000000
       234 38500.0000000000    0.0000000000   20.0000000000
       235 39000.0000000000 1000.0000000000   20.0000000000
       236 39000.0000000000  500.0000000000   20.0000000000
       237 39000.0000000000    0.0000000000   20.0000000000
       238 39500.0000000000 1000.0000000000   20.0000000000
       239 39500.0000000000  500.0000000000   20.0000000000
       240 39500.0000000000    0.0000000000   20.0000000000
       241 40000.0000000000 1000.0000000000   20.0000000000
       242 40000.0000000000  500.0000000000   20.0000000000
       243 40000.0000000000    0.0000000000   20.0000000000
       244 40500.0000000000 1000.0000000000   20.0000000000
       245 40500.0000000000  500.0000000000   20.0000000000
       246 40500.0000000000    0.0000000000   20.0000000000
       247 41000.0000000000 1000.0000000000   20.0000000000
       248 41000.0000000000  500.0000000000   20.0000000000
       249 41000.0000000000    0.0000000000   20.0000000000
       250 41500.0000000000 1000.0000000000   20.0000000000
       251 41500.0000000000  500.0000000000   20.0000000000
       252 41500.0000000000    0.0000000000   20.0000000000
       253 42000.0000000000 1000.0000000000   20.0000000000
       254 42000.0000000000  500.0000000000   20.0000000000
       255 42000.0000000000    0.0000000000   20.0000000000
       256 42500.0000000000 1000.0000000000   20.0000000000
       257 42500.0000000000  500.0000000000   20.0000000000
       258 42500.0000000000    0.0000000000   20.0000000000
       259 43000.0000000000 1000.0000000000   20.0000000000
       260 43000.0000000000  500.0000000000   20.0000000000
       261 43000.0000000000    0.0000000000   20.0000000000
       262 43500.0000000000 1000.0000000000   20.0000000000
       263 43500.0000000000  500.0000000000   20.0000000000
       264 43500.0000000000    0.0000000000   20.0000000000
       265 44000.0000000000 1000.0000000000   20.0000000000
       266 44000.0000000000  500.0000000000   20.0000000000
       267 44000.0000000000    0.0000000000   20.0000000000
       268 44500.0000000000 1000.0000000000   20.0000000000
       269 44500.0000000000  500.0000000000   20.0000000000
       270 44500.0000000000    0.0000000000   20.0000000000
       271 45000.0000000000 1000.0000000000   20.0000000000
       272 45000.0000000000  500.0000000000   20.0000000000
       273 45000.0000000000    0.0000000000   20.0000000000
       274 45500.0000000000 1000.0000000000   20.0000000000
       275 45500.0000000000  500.0000000000   20.0000000000
       276 45500.0000000000    0.0000000000   20.0000000000
       277 46000.0000000000 1000.0000000000   20.0000000000
       278 46000.0000000000  500.0000000000   20.0000000000
       279 46000.0000000000    0.0000000000   20.0000000000
       280 46500.0000000000 1000.0000000000   20.0000000000
       281 46500.0000000000  500.0000000000   20.0000000000
       282 46500.0000000000    0.0000000000   20.0000000000
       283 47000.0000000000 1000.0000000000   20.0000000000
       284 47000.0000000000  500.0000000000   20.0000000000
       285 47000.0000000000    0.0000000000   20.0000000000
       286 47500.0000000000 1000.0000000000   20.0000000000
       287 47500.0000000000  500.0000000000   20.0000000000
       288 47500.0000000000    0.0000000000   20.0000000000
       289 48000.0000000000 1000.0000000000   20.0000000000
       290 48000.0000000000  500.0000000000   20.0000000000
       291 48000.0000000000    0.0000000000   20.0000000000
       292 48500.0000000000 1000.0000000000   20.0000000000
       293 48500.0000000000  500.0000000000   20.0000000000
       294 48500.0000000000    0.0000000000   20.0000000000
       295 49000.0000000000 1000.0000000000   20.0000000000
       296 49000.0000000000  500.0000000000   20.0000000000
       297 49000.0000000000    0.0000000000   20.0000000000
       298 49500.0000000000 1000.0000000000   20.0000000000
       299 49500.0000000000  500.0000000000   20.0000000000
       300 49500.0000000000    0.0000000000   20.0000000000
       301 50000.0000000000 1000.0000000000   20.0000000000
       302 50000.0000000000  500.0000000000   20.0000000000
       303 50000.0000000000    0.0000000000   20.0000000000
       304 50500.0000000000 1000.0000000000   20.0000000000
       305 50500.0000000000  500.0000000000   20.0000000000
       306 50500.0000000000    0.0000000000   20.0000000000
       307 51000.0000000000 1000.0000000000   20.0000000000
       308 51000.0000000000  500.0000000000   20.0000000000
       309 51000.0000000000    0.0000000000   20.0000000000
       310 51500.0000000000 1000.0000000000   20.0000000000
       311 51500.0000000000  500.0000000000   20.0000000000
       312 51500.0000000000    0.0000000000   20.0000000000
       313 52000.0000000000 1000.0000000000   20.0000000000
       314 52000.0000000000  500.0000000000   20.0000000000
       315 52000.0000000000    0.0000000000   20.0000000000
       316 52500.0000000000 1000.0000000000   20.0000000000
       317 52500.0000000000  500.0000000000   20.0000000000
       318 52500.0000000000    0.0000000000   20.0000000000
       319 53000.0000000000 1000.0000000000   20.0000000000
       320 53000.0000000000  500.0000000000   20.0000000000
       321 53000.0000000000    0.0000000000   20.0000000000
       322 53500.0000000000 1000.0000000000   20.0000000000
       323 53500.0000000000  500.0000000000   20.0000000000
       324 53500.0000000000    0.0000000000   20.0000000000
       325 54000.0000000000 1000.0000000000   20.0000000000
       326 54000.0000000000  500.0000000000   20.0000000000
       327 54000.0000000000    0.0000000000   20.0000000000
       328 54500.0000000000 1000.0000000000   20.0000000000
       329 54500.0000000000  500.0000000000   20.0000000000
       330 54500.0000000000    0.0000000000   20.0000000000
       331 55000.0000000000 1000.0000000000   20.0000000000
       332 55000.0000000000  500.0000000000   20.0000000000
       333 55000.0000000000    0.0000000000   20.0000000000
       334 55500.0000000000 1000.0000000000   20.0000000000
       335 55500.0000000000  500.0000000000   20.0000000000
       336 55500.0000000000    0.0000000000   20.0000000000
       337 56000.0000000000 1000.0000000000   20.0000000000
       338 56000.0000000000  500.0000000000   20.0000000000
       339 56000.0000000000    0.0000000000   20.0000000000
       340 56500.0000000000 1000.0000000000   20.0000000000
       341 56500.0000000000  500.0000000000   20.0000000000
       342 56500.0000000000    0.0000000000   20.0000000000
       343 57000.0000000000 1000.0000000000   20.0000000000
       344 57000.0000000000  500.0000000000   20.0000000000
       345 57000.0000000000    0.0000000000   20.0000000000
       346 57500.0000000000 1000.0000000000   20.0000000000
       347 57500.0000000000  500.0000000000   20.0000000000
       348 57500.0000000000    0.0000000000   20.0000000000
       349 58000.0000000000 1000.0000000000   20.0000000000
       350 58000.0000000000  500.0000000000   20.0000000000
       351 58000.0000000000    0.0000000000   20.0000000000
       352 58500.0000000000 1000.0000000000   20.0000000000
       353 58500.0000000000  500.0000000000   20.0000000000
       354 58500.0000000000    0.0000000000   20.0000000000
       355 59000.0000000000 1000.0000000000   20.0000000000
       356 59000.0000000000  500.0000000000   20.0000000000
       357 59000.0000000000    0.0000000000   20.0000000000
       358 59500.0000000000 1000.0000000000   20.0000000000
       359 59500.0000000000  500.0000000000   20.0000000000
       360 59500.0000000000    0.0000000000   20.0000000000
       361 60000.0000000000 1000.0000000000   20.0000000000
       362 60000.0000000000  500.0000000000   20.0000000000
       363 60000.0000000000    0.0000000000   20.0000000000
       364 60500.0000000000 1000.0000000000   20.0000000000
       365 60500.0000000000  500.0000000000   20.0000000000
       366 60500.0000000000    0.0000000000   20.0000000000
       367 61000.0000000000 1000.0000000000   20.0000000000
       368 61000.0000000000  500.0000000000   20.0000000000
       369 61000.0000000000    0.0000000000   20.0000000000
       370 61500.0000000000 1000.0000000000   20.0000000000
       371 61500.0000000000  500.0000000000   20.0000000000
       372 61500.0000000000    0.0000000000   20.0000000000
       373 62000.0000000000 1000.0000000000   20.0000000000
       374 62000.0000000000  500.0000000000   20.0000000000
       375 62000.0000000000    0.0000000000   20.0000000000
       376 62500.0000000000 1000.0000000000   20.0000000000
       377 62500.0000000000  500.0000000000   20.0000000000
       378 62500.0000000000    0.0000000000   20.0000000000
       379 63000.0000000000 1000.0000000000   20.0000000000
       380 63000.0000000000  500.0000000000   20.0000000000
       381 63000.0000000000    0.0000000000   20.0000000000
       382 63500.0000000000 1000.0000000000   20.0000000000
       383 63500.0000000000  500.0000000000   20.0000000000
       384 63500.0000000000    0.0000000000   20.0000000000
       385 64000.0000000000 1000.0000000000   20.0000000000
       386 64000.0000000000  500.0000000000   20.0000000000
       387 64000.0000000000    0.0000000000   20.0000000000
    1    3     1     2     4
    2    3     2     5     4
    3    3     2     3     5
    4    3     3     6     5
    5    3     4     5     7
    6    3     5     8     7
    7    3     5     6     8
    8    3     6     9     8
    9    3     7     8    10
   10    3     8    11    10
   11    3     8     9    11
   12    3     9    12    11
   13    3    10    11    13
   14    3    11    14    13
   15    3    11    12    14
   16    3    12    15    14
   17    3    13    14    16
   18    3    14    17    16
   19    3    14    15    17
   20    3    15    18    17
   21    3    16    17    19
   22    3    17    20    19
   23    3    17    18    20
   24    3    18    21    20
   25    3    19    20    22
   26    3    20    23    22
   27    3    20    21    23
   28    3    21    24    23
   29    3    22    23    25
   30    3    23    26    25
   31    3    23    24    26
   32    3    24    27    26
   33    3    25    26    28
   34    3    26    29    28
   35    3    26    27    29
   36    3    27    30    29
   37    3    28    29    31
   38    3    29    32    31
   39    3    29    30    32
   40    3    30    33    32
   41    3    31    32    34
   42    3    32    35    34
   43    3    32    33    35
   44    3    33    36    35
   45    3    34    35    37
   46    3    35    38    37
   47    3    35    36    38
   48    3    36    39    38
   49    3    37    38    40
   50    3    38    41    40
   51    3    38    39    41
   52    3    39    42    41
   53    3    40    41    43
   54    3    41    44    43
   55    3    41    42    44
   56    3    42    45    44
   57    3    43    44    46
   58    3    44    47    46
   59    3    44    45    47
   60    3    45    48    47
   61    3    46    47    49
   62    3    47    50    49
   63    3    47    48    50
   64    3    48    51    50
   65    3    49    50    52
   66    3    50    53    52
   67    3    50    51    53
   68    3    51    54    53
   69    3    52    53    55
   70    3    53    56    55
   71    3    53    54    56
   72    3    54    57    56
   73    3    55    56    58
   74    3    56    59    58
   75    3    56    57    59
   76    3    57    60    59
   77    3    58    59    61
   78    3    59    62    61
   79    3    59    60    62
   80    3    60    63    62
   81    3    61    62    64
   82    3    62    65    64
   83    3    62    63    65
   84    3    63    66    65
   85    3    64    65    67
   86    3    65    68    67
   87    3    65    66    68
   88    3    66    69    68
   89    3    67    68    70
   90    3    68    71    70
   91    3    68    69    71
   92    3    69    72    71
   93    3    70    71    73
   94    3    71    74    73
   95    3    71    72    74
   96    3    72    75    74
   97    3    73    74    76
   98    3    74    77    76
   99    3    74    75    77
  100    3    75    78    77
  101    3    76    77    79
  102    3    77    80    79
  103    3    77    78    80
  104    3    78    81    80
  105    3    79    80    82
  106    3    80    83    82
  107    3    80    81    83
  108    3    81    84    83
  109    3    82    83    85
  110    3    83    86    85
  111    3    83    84    86
  112    3    84    87    86
  113    3    85    86    88
  114    3    86    89    88
  115    3    86    87    89
  116    3    87    90    89
  117    3    88    89    91
  118    3    89    92    91
  119    3    89    90    92
  120    3    90    93    92
  121    3    91    92    94
  122    3    92    95    94
  123    3    92    93    95
  124    3    93    96    95
  125    3    94    95    97
  126    3    95    98    97
  127    3    95    96    98
  128    3    96    99    98
  129    3    97    98   100
  130    3    98   101   100
  131    3    98    99   101
  132    3    99   102   101
  133    3   100   101   103
  134    3   101   104   103
  135    3   101   102   104
  136    3   102   105   104
  137    3   103   104   106
  138    3   104   107   106
  139    3   104   105   107
  140    3   105   108   107
  141    3   106   107   109
  142    3   107   110   109
  143    3   107   108   110
  144    3   108   111   110
  145    3   109   110   112
  146    3   110   113   112
  147    3   110   111   113
  148    3   111   114   113
  149    3   112   113   115
  150    3   113   116   115
  151    3   113   114   116
  152    3   114   117   116
  153    3   115   116   118
  154    3   116   119   118
  155    3   116   117   119
  156    3   117   120   119
  157    3   118   119   121
  158    3   119   122   121
  159    3   119   120   122
  160    3   120   123   122
  161    3   121   122   124
  162    3   122   125   124
  163    3   122   123   125
  164    3   123   126   125
  165    3   124   125   127
  166    3   125   128   127
  167    3   125   126   128
  168    3   126   129   128
  169    3   127   128   130
  170    3   128   131   130
  171    3   128   129   131
  172    3   129   132   131
  173    3   130   131   133
  174    3   131   134   133
  175    3   131   132   134
  176    3   132   135   134
  177    3   133   134   136
  178    3   134   137   136
  179    3   134   135   137
  180    3   135   138   137
  181    3   136   137   139
  182    3   137   140   139
  183    3   137   138   140
  184    3   138   141   140
  185    3   139   140   142
  186    3   140   143   142
  187    3   140   141   143
  188    3   141   144   143
  189    3   142   143   145
  190    3   143   146   145
  191    3   143   144   146
  192    3   144   147   146
  193    3   145   146   148
  194    3   146   149   148
  195    3   146   147   149
  196    3   147   150   149
  197    3   148   149   151
  198    3   149   152   151
  199    3   149   150   152
  200    3   150   153   152
  201    3   151   152   154
  202    3   152   155   154
  203    3   152   153   155
  204    3   153   156   155
  205    3   154   155   157
  206    3   155   158   157
  207    3   155   156   158
  208    3   156   159   158
  209    3   157   158   160
  210    3   158   161   160
  211    3   158   159   161
  212    3   159   162   161
  213    3   160   161   163
  214    3   161   164   163
  215    3   161   162   164
  216    3   162   165   164
  217    3   163   164   166
  218    3   164   167   166
  219    3   164   165   167
  220    3   165   168   167
  221    3   166   167   169
  222    3   167   170   169
  223    3   167   168   170
  224    3   168   171   170
  225    3   169   170   172
  226    3   170   173   172
  227    3   170   171   173
  228    3   171   174   173
  229    3   172   173   175
  230    3   173   176   175
  231    3   173   174   176
  232    3   174   177   176
  233    3   175   176   178
  234    3   176   179   178
  235    3   176   177   179
  236    3   177   180   179
  237    3   178   179   181
  238    3   179   182   181
  239    3   179   180   182
  240    3   180   183   182
  241    3   181   182   184
  242    3   182   185   184
  243    3   182   183   185
  244    3   183   186   185
  245    3   184   185   187
  246    3   185   188   187
  247    3   185   186   188
  248    3   186   189   188
  249    3   187   188   190
  250    3   188   191   190
  251    3   188   189   191
  252    3   189   192   191
  253    3   190   191   193
  254    3   191   194   193
  255    3   191   192   194
  256    3   192   195   194
  257    3   193   194   196
  258    3   194   197   196
  259    3   194   195   197
  260    3   195   198   197
  261    3   196   197   199
  262    3   197   200   199
  263    3   197   198   200
  264    3   198   201   200
  265    3   199   200   202
  266    3   200   203   202
  267    3   200   201   203
  268    3   201   204   203
  269    3   202   203   205
  270    3   203   206   205
  271    3   203   204   206
  272    3   204   207   206
  273    3   205   206   208
  274    3   206   209   208
  275    3   206   207   209
  276    3   207   210   209
  277    3   208   209   211
  278    3   209   212   211
  279    3   209   210   212
  280    3   210   213   212
  281    3   211   212   214
  282    3   212   215   214
  283    3   212   213   215
  284    3   213   216   215
  285    3   214   215   217
  286    3   215   218   217
  287    3   215   216   218
  288    3   216   219   218
  289    3   217   218   220
  290    3   218   221   220
  291    3   218   219   221
  292    3   219   222   221
  293    3   220   221   223
  294    3   221   224   223
  295    3   221   222   224
  296    3   222   225   224
  297    3   223   224   226
  298    3   224   227   226
  299    3   224   225   227
  300    3   225   228   227
  301    3   226   227   229
  302    3   227   230   229
  303    3   227   228   230
  304    3   228   231   230
  305    3   229   230   232
  306    3   230   233   232
  307    3   230   231   233
  308    3   231   234   233
  309    3   232   233   235
  310    3   233   236   235
  311    3   233   234   236
  312    3   234   237   236
  313    3   235   236   238
  314    3   236   239   238
  315    3   236   237   239
  316    3   237   240   239
  317    3   238   239   241
  318    3   239   242   241
  319    3   239   240   242
  320    3   240   243   242
  321    3   241   242   244
  322    3   242   245   244
  323    3   242   243   245
  324    3   243   246   245
  325    3   244   245   247
  326    3   245   248   247
  327    3   245   246   248
  328    3   246   249   248
  329    3   247   248   250
  330    3   248   251   250
  331    3   248   249   251
  332    3   249   252   251
  333    3   250   251   253
  334    3   251   254   253
  335    3   251   252   254
  336    3   252   255   254
  337    3   253   254   256
  338    3   254   257   256
  339    3   254   255   257
  340    3   255   258   257
  341    3   256   257   259
  342    3   257   260   259
  343    3   257   258   260
  344    3   258   261   260
  345    3   259   260   262
  346    3   260   263   262
  347    3   260   261   263
  348    3   261   264   263
  349    3   262   263   265
  350    3   263   266   265
  351    3   263   264   266
  352    3   264   267   266
  353    3   265   266   268
  354    3   266   269   268
  355    3   266   267   269
  356    3   267   270   269
  357    3   268   269   271
  358    3   269   272   271
  359    3   269   270   272
  360    3   270   273   272
  361    3   271   272   274
  362    3   272   275   274
  363    3   272   273   275
  364    3   273   276   275
  365    3   274   275   277
  366    3   275   278   277
  367    3   275   276   278
  368    3   276   279   278
  369    3   277   278   280
  370    3   278   281   280
  371    3   278   279   281
  372    3   279   282   281
  373    3   280   281   283
  374    3   281   284   283
  375    3   281   282   284
  376    3   282   285   284
  377    3   283   284   286
  378    3   284   287   286
  379    3   284   285   287
  380    3   285   288   287
  381    3   286   287   289
  382    3   287   290   289
  383    3   287   288   290
  384    3   288   291   290
  385    3   289   290   292
  386    3   290   293   292
  387    3   290   291   293
  388    3   291   294   293
  389    3   292   293   295
  390    3   293   296   295
  391    3   293   294   296
  392    3   294   297   296
  393    3   295   296   298
  394    3   296   299   298
  395    3   296   297   299
  396    3   297   300   299
  397    3   298   299   301
  398    3   299   302   301
  399    3   299   300   302
  400    3   300   303   302
  401    3   301   302   304
  402    3   302   305   304
  403    3   302   303   305
  404    3   303   306   305
  405    3   304   305   307
  406    3   305   308   307
  407    3   305   306   308
  408    3   306   309   308
  409    3   307   308   310
  410    3   308   311   310
  411    3   308   309   311
  412    3   309   312   311
  413    3   310   311   313
  414    3   311   314   313
  415    3   311   312   314
  416    3   312   315   314
  417    3   313   314   316
  418    3   314   317   316
  419    3   314   315   317
  420    3   315   318   317
  421    3   316   317   319
  422    3   317   320   319
  423    3   317   318   320
  424    3   318   321   320
  425    3   319   320   322
  426    3   320   323   322
  427    3   320   321   323
  428    3   321   324   323
  429    3   322   323   325
  430    3   323   326   325
  431    3   323   324   326
  432    3   324   327   326
  433    3   325   326   328
  434    3   326   329   328
  435    3   326   327   329
  436    3   327   330   329
  437    3   328   329   331
  438    3   329   332   331
  439    3   329   330   332
  440    3   330   333   332
  441    3   331   332   334
  442    3   332   335   334
  443    3   332   333   335
  444    3   333   336   335
  445    3   334   335   337
  446    3   335   338   337
  447    3   335   336   338
  448    3   336   339   338
  449    3   337   338   340
  450    3   338   341   340
  451    3   338   339   341
  452    3   339   342   341
  453    3   340   341   343
  454    3   341   344   343
  455    3   341   342   344
  456    3   342   345   344
  457    3   343   344   346
  458    3   344   347   346
  459    3   344   345   347
  460    3   345   348   347
  461    3   346   347   349
  462    3   347   350   349
  463    3   347   348   350
  464    3   348   351   350
  465    3   349   350   352
  466    3   350   353   352
  467    3   350   351   353
  468    3   351   354   353
  469    3   352   353   355
  470    3   353   356   355
  471    3   353   354   356
  472    3   354   357   356
  473    3   355   356   358
  474    3   356   359   358
  475    3   356   357   359
  476    3   357   360   359
  477    3   358   359   361
  478    3   359   362   361
  479    3   359   360   362
  480    3   360   363   362
  481    3   361   362   364
  482    3   362   365   364
  483    3   362   363   365
  484    3   363   366   365
  485    3   364   365   367
  486    3   365   368   367
  487    3   365   366   368
  488    3   366   369   368
  489    3   367   368   370
  490    3   368   371   370
  491    3   368   369   371
  492    3   369   372   371
  493    3   370   371   373
  494    3   371   374   373
  495    3   371   372   374
  496    3   372   375   374
  497    3   373   374   376
  498    3   374   377   376
  499    3   374   375   377
  500    3   375   378   377
  501    3   376   377   379
  502    3   377   380   379
  503    3   377   378   380
  504    3   378   381   380
  505    3   379   380   382
  506    3   380   383   382
  507    3   380   381   383
  508    3   381   384   383
  509    3   382   383   385
  510    3   383   386   385
  511    3   383   384   386
  512    3   384   387   386
0 = Number of open boundaries
0 = Total number of open boundary nodes
4 = Number of land boundaries
264 = Total number of land boundary nodes
129 10 = Number of nodes for land boundary 1
385
382
379
376
373
370
367
364
361
358
355
352
349
346
343
340
337
334
331
328
325
322
319
316
313
310
307
304
301
298
295
292
289
286
283
280
277
274
271
268
265
262
259
256
253
250
247
244
241
238
235
232
229
226
223
220
217
214
211
208
205
202
199
196
193
190
187
184
181
178
175
172
169
166
163
160
157
154
151
148
145
142
139
136
133
130
127
124
121
118
115
112
109
106
103
100
97
94
91
88
85
82
79
76
73
70
67
64
61
58
55
52
49
46
43
40
37
34
31
28
25
22
19
16
13
10
7
4
1
3 10 = Number of nodes for land boundary 2
1
2
3
3 10 = Number of nodes for land boundary 3
387
386
385
129 10 = Number of nodes for land boundary 4
3
6
9
12
15
18
21
24
27
30
33
36
39
42
45
48
51
54
57
60
63
66
69
72
75
78
81
84
87
90
93
96
99
102
105
108
111
114
117
120
123
126
129
132
135
138
141
144
147
150
153
156
159
162
165
168
171
174
177
180
183
186
189
192
195
198
201
204
207
210
213
216
219
222
225
228
231
234
237
240
243
246
249
252
255
258
261
264
267
270
273
276
279
282
285
288
291
294
297
300
303
306
309
312
315
318
321
324
327
330
333
336
339
342
345
348
351
354
357
360
363
366
369
372
375
378
381
384
387
